c grid graph x=15 lX=1 lY=10 y=20 lY=1 hY=10 seed=2022
p sp 300 1130 15 20
a 1 2 1
a 1 21 1
a 2 1 1
a 2 3 1
a 2 22 1
a 3 2 1
a 3 4 1
a 3 23 1
a 4 3 1
a 4 5 1
a 4 24 1
a 5 4 1
a 5 6 1
a 5 25 1
a 6 5 1
a 6 7 1
a 6 26 1
a 7 6 1
a 7 8 1
a 7 27 1
a 8 7 1
a 8 9 1
a 8 28 1
a 9 8 1
a 9 10 1
a 9 29 1
a 10 9 1
a 10 11 1
a 10 30 1
a 11 10 1
a 11 12 1
a 11 31 1
a 12 11 1
a 12 13 1
a 12 32 1
a 13 12 1
a 13 14 1
a 13 33 1
a 14 13 1
a 14 15 1
a 14 34 1
a 15 14 1
a 15 16 1
a 15 35 1
a 16 15 1
a 16 17 1
a 16 36 1
a 17 16 1
a 17 18 1
a 17 37 1
a 18 17 1
a 18 19 1
a 18 38 1
a 19 18 1
a 19 20 1
a 19 39 1
a 20 19 1
a 20 40 1
a 21 22 1
a 21 1 1
a 21 41 1
a 22 21 1
a 22 23 1
a 22 2 1
a 22 42 1
a 23 22 1
a 23 24 1
a 23 3 1
a 23 43 1
a 24 23 1
a 24 25 1
a 24 4 1
a 24 44 1
a 25 24 1
a 25 26 1
a 25 5 1
a 25 45 1
a 26 25 1
a 26 27 1
a 26 6 1
a 26 46 1
a 27 26 1
a 27 28 1
a 27 7 1
a 27 47 1
a 28 27 1
a 28 29 1
a 28 8 1
a 28 48 1
a 29 28 1
a 29 30 1
a 29 9 1
a 29 49 1
a 30 29 1
a 30 31 1
a 30 10 1
a 30 50 1
a 31 30 1
a 31 32 1
a 31 11 1
a 31 51 1
a 32 31 1
a 32 33 1
a 32 12 1
a 32 52 1
a 33 32 1
a 33 34 1
a 33 13 1
a 33 53 1
a 34 33 1
a 34 35 1
a 34 14 1
a 34 54 1
a 35 34 1
a 35 36 1
a 35 15 1
a 35 55 1
a 36 35 1
a 36 37 1
a 36 16 1
a 36 56 1
a 37 36 1
a 37 38 1
a 37 17 1
a 37 57 1
a 38 37 1
a 38 39 1
a 38 18 1
a 38 58 1
a 39 38 1
a 39 40 1
a 39 19 1
a 39 59 1
a 40 39 1
a 40 20 1
a 40 60 1
a 41 42 1
a 41 21 1
a 41 61 1
a 42 41 1
a 42 43 1
a 42 22 1
a 42 62 1
a 43 42 1
a 43 44 1
a 43 23 1
a 43 63 1
a 44 43 1
a 44 45 1
a 44 24 1
a 44 64 1
a 45 44 1
a 45 46 1
a 45 25 1
a 45 65 1
a 46 45 1
a 46 47 1
a 46 26 1
a 46 66 1
a 47 46 1
a 47 48 1
a 47 27 1
a 47 67 1
a 48 47 1
a 48 49 1
a 48 28 1
a 48 68 1
a 49 48 1
a 49 50 1
a 49 29 1
a 49 69 1
a 50 49 1
a 50 51 1
a 50 30 1
a 50 70 1
a 51 50 1
a 51 52 1
a 51 31 1
a 51 71 1
a 52 51 1
a 52 53 1
a 52 32 1
a 52 72 1
a 53 52 1
a 53 54 1
a 53 33 1
a 53 73 1
a 54 53 1
a 54 55 1
a 54 34 1
a 54 74 1
a 55 54 1
a 55 56 1
a 55 35 1
a 55 75 1
a 56 55 1
a 56 57 1
a 56 36 1
a 56 76 1
a 57 56 1
a 57 58 1
a 57 37 1
a 57 77 1
a 58 57 1
a 58 59 1
a 58 38 1
a 58 78 1
a 59 58 1
a 59 60 1
a 59 39 1
a 59 79 1
a 60 59 1
a 60 40 1
a 60 80 1
a 61 62 1
a 61 41 1
a 61 81 1
a 62 61 1
a 62 63 1
a 62 42 1
a 62 82 1
a 63 62 1
a 63 64 1
a 63 43 1
a 63 83 1
a 64 63 1
a 64 65 1
a 64 44 1
a 64 84 1
a 65 64 1
a 65 66 1
a 65 45 1
a 65 85 1
a 66 65 1
a 66 67 1
a 66 46 1
a 66 86 1
a 67 66 1
a 67 68 1
a 67 47 1
a 67 87 1
a 68 67 1
a 68 69 1
a 68 48 1
a 68 88 1
a 69 68 1
a 69 70 1
a 69 49 1
a 69 89 1
a 70 69 1
a 70 71 1
a 70 50 1
a 70 90 1
a 71 70 1
a 71 72 1
a 71 51 1
a 71 91 1
a 72 71 1
a 72 73 1
a 72 52 1
a 72 92 1
a 73 72 1
a 73 74 1
a 73 53 1
a 73 93 1
a 74 73 1
a 74 75 1
a 74 54 1
a 74 94 1
a 75 74 1
a 75 76 1
a 75 55 1
a 75 95 1
a 76 75 1
a 76 77 1
a 76 56 1
a 76 96 1
a 77 76 1
a 77 78 1
a 77 57 1
a 77 97 1
a 78 77 1
a 78 79 1
a 78 58 1
a 78 98 1
a 79 78 1
a 79 80 1
a 79 59 1
a 79 99 1
a 80 79 1
a 80 60 1
a 80 100 1
a 81 82 1
a 81 61 1
a 81 101 1
a 82 81 1
a 82 83 1
a 82 62 1
a 82 102 1
a 83 82 1
a 83 84 1
a 83 63 1
a 83 103 1
a 84 83 1
a 84 85 1
a 84 64 1
a 84 104 1
a 85 84 1
a 85 86 1
a 85 65 1
a 85 105 1
a 86 85 1
a 86 87 1
a 86 66 1
a 86 106 1
a 87 86 1
a 87 88 1
a 87 67 1
a 87 107 1
a 88 87 1
a 88 89 1
a 88 68 1
a 88 108 1
a 89 88 1
a 89 90 1
a 89 69 1
a 89 109 1
a 90 89 1
a 90 91 1
a 90 70 1
a 90 110 1
a 91 90 1
a 91 92 1
a 91 71 1
a 91 111 1
a 92 91 1
a 92 93 1
a 92 72 1
a 92 112 1
a 93 92 1
a 93 94 1
a 93 73 1
a 93 113 1
a 94 93 1
a 94 95 1
a 94 74 1
a 94 114 1
a 95 94 1
a 95 96 1
a 95 75 1
a 95 115 1
a 96 95 1
a 96 97 1
a 96 76 1
a 96 116 1
a 97 96 1
a 97 98 1
a 97 77 1
a 97 117 1
a 98 97 1
a 98 99 1
a 98 78 1
a 98 118 1
a 99 98 1
a 99 100 1
a 99 79 1
a 99 119 1
a 100 99 1
a 100 80 1
a 100 120 1
a 101 102 1
a 101 81 1
a 101 121 1
a 102 101 1
a 102 103 1
a 102 82 1
a 102 122 1
a 103 102 1
a 103 104 1
a 103 83 1
a 103 123 1
a 104 103 1
a 104 105 1
a 104 84 1
a 104 124 1
a 105 104 1
a 105 106 1
a 105 85 1
a 105 125 1
a 106 105 1
a 106 107 1
a 106 86 1
a 106 126 1
a 107 106 1
a 107 108 1
a 107 87 1
a 107 127 1
a 108 107 1
a 108 109 1
a 108 88 1
a 108 128 1
a 109 108 1
a 109 110 1
a 109 89 1
a 109 129 1
a 110 109 1
a 110 111 1
a 110 90 1
a 110 130 1
a 111 110 1
a 111 112 1
a 111 91 1
a 111 131 1
a 112 111 1
a 112 113 1
a 112 92 1
a 112 132 1
a 113 112 1
a 113 114 1
a 113 93 1
a 113 133 1
a 114 113 1
a 114 115 1
a 114 94 1
a 114 134 1
a 115 114 1
a 115 116 1
a 115 95 1
a 115 135 1
a 116 115 1
a 116 117 1
a 116 96 1
a 116 136 1
a 117 116 1
a 117 118 1
a 117 97 1
a 117 137 1
a 118 117 1
a 118 119 1
a 118 98 1
a 118 138 1
a 119 118 1
a 119 120 1
a 119 99 1
a 119 139 1
a 120 119 1
a 120 100 1
a 120 140 1
a 121 122 1
a 121 101 1
a 121 141 1
a 122 121 1
a 122 123 1
a 122 102 1
a 122 142 1
a 123 122 1
a 123 124 1
a 123 103 1
a 123 143 1
a 124 123 1
a 124 125 1
a 124 104 1
a 124 144 1
a 125 124 1
a 125 126 1
a 125 105 1
a 125 145 1
a 126 125 1
a 126 127 1
a 126 106 1
a 126 146 1
a 127 126 1
a 127 128 1
a 127 107 1
a 127 147 1
a 128 127 1
a 128 129 1
a 128 108 1
a 128 148 1
a 129 128 1
a 129 130 1
a 129 109 1
a 129 149 1
a 130 129 1
a 130 131 1
a 130 110 1
a 130 150 1
a 131 130 1
a 131 132 1
a 131 111 1
a 131 151 1
a 132 131 1
a 132 133 1
a 132 112 1
a 132 152 1
a 133 132 1
a 133 134 1
a 133 113 1
a 133 153 1
a 134 133 1
a 134 135 1
a 134 114 1
a 134 154 1
a 135 134 1
a 135 136 1
a 135 115 1
a 135 155 1
a 136 135 1
a 136 137 1
a 136 116 1
a 136 156 1
a 137 136 1
a 137 138 1
a 137 117 1
a 137 157 1
a 138 137 1
a 138 139 1
a 138 118 1
a 138 158 1
a 139 138 1
a 139 140 1
a 139 119 1
a 139 159 1
a 140 139 1
a 140 120 1
a 140 160 1
a 141 142 1
a 141 121 1
a 141 161 1
a 142 141 1
a 142 143 1
a 142 122 1
a 142 162 1
a 143 142 1
a 143 144 1
a 143 123 1
a 143 163 1
a 144 143 1
a 144 145 1
a 144 124 1
a 144 164 1
a 145 144 1
a 145 146 1
a 145 125 1
a 145 165 1
a 146 145 1
a 146 147 1
a 146 126 1
a 146 166 1
a 147 146 1
a 147 148 1
a 147 127 1
a 147 167 1
a 148 147 1
a 148 149 1
a 148 128 1
a 148 168 1
a 149 148 1
a 149 150 1
a 149 129 1
a 149 169 1
a 150 149 1
a 150 151 1
a 150 130 1
a 150 170 1
a 151 150 1
a 151 152 1
a 151 131 1
a 151 171 1
a 152 151 1
a 152 153 1
a 152 132 1
a 152 172 1
a 153 152 1
a 153 154 1
a 153 133 1
a 153 173 1
a 154 153 1
a 154 155 1
a 154 134 1
a 154 174 1
a 155 154 1
a 155 156 1
a 155 135 1
a 155 175 1
a 156 155 1
a 156 157 1
a 156 136 1
a 156 176 1
a 157 156 1
a 157 158 1
a 157 137 1
a 157 177 1
a 158 157 1
a 158 159 1
a 158 138 1
a 158 178 1
a 159 158 1
a 159 160 1
a 159 139 1
a 159 179 1
a 160 159 1
a 160 140 1
a 160 180 1
a 161 162 1
a 161 141 1
a 161 181 1
a 162 161 1
a 162 163 1
a 162 142 1
a 162 182 1
a 163 162 1
a 163 164 1
a 163 143 1
a 163 183 1
a 164 163 1
a 164 165 1
a 164 144 1
a 164 184 1
a 165 164 1
a 165 166 1
a 165 145 1
a 165 185 1
a 166 165 1
a 166 167 1
a 166 146 1
a 166 186 1
a 167 166 1
a 167 168 1
a 167 147 1
a 167 187 1
a 168 167 1
a 168 169 1
a 168 148 1
a 168 188 1
a 169 168 1
a 169 170 1
a 169 149 1
a 169 189 1
a 170 169 1
a 170 171 1
a 170 150 1
a 170 190 1
a 171 170 1
a 171 172 1
a 171 151 1
a 171 191 1
a 172 171 1
a 172 173 1
a 172 152 1
a 172 192 1
a 173 172 1
a 173 174 1
a 173 153 1
a 173 193 1
a 174 173 1
a 174 175 1
a 174 154 1
a 174 194 1
a 175 174 1
a 175 176 1
a 175 155 1
a 175 195 1
a 176 175 1
a 176 177 1
a 176 156 1
a 176 196 1
a 177 176 1
a 177 178 1
a 177 157 1
a 177 197 1
a 178 177 1
a 178 179 1
a 178 158 1
a 178 198 1
a 179 178 1
a 179 180 1
a 179 159 1
a 179 199 1
a 180 179 1
a 180 160 1
a 180 200 1
a 181 182 1
a 181 161 1
a 181 201 1
a 182 181 1
a 182 183 1
a 182 162 1
a 182 202 1
a 183 182 1
a 183 184 1
a 183 163 1
a 183 203 1
a 184 183 1
a 184 185 1
a 184 164 1
a 184 204 1
a 185 184 1
a 185 186 1
a 185 165 1
a 185 205 1
a 186 185 1
a 186 187 1
a 186 166 1
a 186 206 1
a 187 186 1
a 187 188 1
a 187 167 1
a 187 207 1
a 188 187 1
a 188 189 1
a 188 168 1
a 188 208 1
a 189 188 1
a 189 190 1
a 189 169 1
a 189 209 1
a 190 189 1
a 190 191 1
a 190 170 1
a 190 210 1
a 191 190 1
a 191 192 1
a 191 171 1
a 191 211 1
a 192 191 1
a 192 193 1
a 192 172 1
a 192 212 1
a 193 192 1
a 193 194 1
a 193 173 1
a 193 213 1
a 194 193 1
a 194 195 1
a 194 174 1
a 194 214 1
a 195 194 1
a 195 196 1
a 195 175 1
a 195 215 1
a 196 195 1
a 196 197 1
a 196 176 1
a 196 216 1
a 197 196 1
a 197 198 1
a 197 177 1
a 197 217 1
a 198 197 1
a 198 199 1
a 198 178 1
a 198 218 1
a 199 198 1
a 199 200 1
a 199 179 1
a 199 219 1
a 200 199 1
a 200 180 1
a 200 220 1
a 201 202 1
a 201 181 1
a 201 221 1
a 202 201 1
a 202 203 1
a 202 182 1
a 202 222 1
a 203 202 1
a 203 204 1
a 203 183 1
a 203 223 1
a 204 203 1
a 204 205 1
a 204 184 1
a 204 224 1
a 205 204 1
a 205 206 1
a 205 185 1
a 205 225 1
a 206 205 1
a 206 207 1
a 206 186 1
a 206 226 1
a 207 206 1
a 207 208 1
a 207 187 1
a 207 227 1
a 208 207 1
a 208 209 1
a 208 188 1
a 208 228 1
a 209 208 1
a 209 210 1
a 209 189 1
a 209 229 1
a 210 209 1
a 210 211 1
a 210 190 1
a 210 230 1
a 211 210 1
a 211 212 1
a 211 191 1
a 211 231 1
a 212 211 1
a 212 213 1
a 212 192 1
a 212 232 1
a 213 212 1
a 213 214 1
a 213 193 1
a 213 233 1
a 214 213 1
a 214 215 1
a 214 194 1
a 214 234 1
a 215 214 1
a 215 216 1
a 215 195 1
a 215 235 1
a 216 215 1
a 216 217 1
a 216 196 1
a 216 236 1
a 217 216 1
a 217 218 1
a 217 197 1
a 217 237 1
a 218 217 1
a 218 219 1
a 218 198 1
a 218 238 1
a 219 218 1
a 219 220 1
a 219 199 1
a 219 239 1
a 220 219 1
a 220 200 1
a 220 240 1
a 221 222 1
a 221 201 1
a 221 241 1
a 222 221 1
a 222 223 1
a 222 202 1
a 222 242 1
a 223 222 1
a 223 224 1
a 223 203 1
a 223 243 1
a 224 223 1
a 224 225 1
a 224 204 1
a 224 244 1
a 225 224 1
a 225 226 1
a 225 205 1
a 225 245 1
a 226 225 1
a 226 227 1
a 226 206 1
a 226 246 1
a 227 226 1
a 227 228 1
a 227 207 1
a 227 247 1
a 228 227 1
a 228 229 1
a 228 208 1
a 228 248 1
a 229 228 1
a 229 230 1
a 229 209 1
a 229 249 1
a 230 229 1
a 230 231 1
a 230 210 1
a 230 250 1
a 231 230 1
a 231 232 1
a 231 211 1
a 231 251 1
a 232 231 1
a 232 233 1
a 232 212 1
a 232 252 1
a 233 232 1
a 233 234 1
a 233 213 1
a 233 253 1
a 234 233 1
a 234 235 1
a 234 214 1
a 234 254 1
a 235 234 1
a 235 236 1
a 235 215 1
a 235 255 1
a 236 235 1
a 236 237 1
a 236 216 1
a 236 256 1
a 237 236 1
a 237 238 1
a 237 217 1
a 237 257 1
a 238 237 1
a 238 239 1
a 238 218 1
a 238 258 1
a 239 238 1
a 239 240 1
a 239 219 1
a 239 259 1
a 240 239 1
a 240 220 1
a 240 260 1
a 241 242 1
a 241 221 1
a 241 261 1
a 242 241 1
a 242 243 1
a 242 222 1
a 242 262 1
a 243 242 1
a 243 244 1
a 243 223 1
a 243 263 1
a 244 243 1
a 244 245 1
a 244 224 1
a 244 264 1
a 245 244 1
a 245 246 1
a 245 225 1
a 245 265 1
a 246 245 1
a 246 247 1
a 246 226 1
a 246 266 1
a 247 246 1
a 247 248 1
a 247 227 1
a 247 267 1
a 248 247 1
a 248 249 1
a 248 228 1
a 248 268 1
a 249 248 1
a 249 250 1
a 249 229 1
a 249 269 1
a 250 249 1
a 250 251 1
a 250 230 1
a 250 270 1
a 251 250 1
a 251 252 1
a 251 231 1
a 251 271 1
a 252 251 1
a 252 253 1
a 252 232 1
a 252 272 1
a 253 252 1
a 253 254 1
a 253 233 1
a 253 273 1
a 254 253 1
a 254 255 1
a 254 234 1
a 254 274 1
a 255 254 1
a 255 256 1
a 255 235 1
a 255 275 1
a 256 255 1
a 256 257 1
a 256 236 1
a 256 276 1
a 257 256 1
a 257 258 1
a 257 237 1
a 257 277 1
a 258 257 1
a 258 259 1
a 258 238 1
a 258 278 1
a 259 258 1
a 259 260 1
a 259 239 1
a 259 279 1
a 260 259 1
a 260 240 1
a 260 280 1
a 261 262 1
a 261 241 1
a 261 281 1
a 262 261 1
a 262 263 1
a 262 242 1
a 262 282 1
a 263 262 1
a 263 264 1
a 263 243 1
a 263 283 1
a 264 263 1
a 264 265 1
a 264 244 1
a 264 284 1
a 265 264 1
a 265 266 1
a 265 245 1
a 265 285 1
a 266 265 1
a 266 267 1
a 266 246 1
a 266 286 1
a 267 266 1
a 267 268 1
a 267 247 1
a 267 287 1
a 268 267 1
a 268 269 1
a 268 248 1
a 268 288 1
a 269 268 1
a 269 270 1
a 269 249 1
a 269 289 1
a 270 269 1
a 270 271 1
a 270 250 1
a 270 290 1
a 271 270 1
a 271 272 1
a 271 251 1
a 271 291 1
a 272 271 1
a 272 273 1
a 272 252 1
a 272 292 1
a 273 272 1
a 273 274 1
a 273 253 1
a 273 293 1
a 274 273 1
a 274 275 1
a 274 254 1
a 274 294 1
a 275 274 1
a 275 276 1
a 275 255 1
a 275 295 1
a 276 275 1
a 276 277 1
a 276 256 1
a 276 296 1
a 277 276 1
a 277 278 1
a 277 257 1
a 277 297 1
a 278 277 1
a 278 279 1
a 278 258 1
a 278 298 1
a 279 278 1
a 279 280 1
a 279 259 1
a 279 299 1
a 280 279 1
a 280 260 1
a 280 300 1
a 281 282 1
a 281 261 1
a 282 281 1
a 282 283 1
a 282 262 1
a 283 282 1
a 283 284 1
a 283 263 1
a 284 283 1
a 284 285 1
a 284 264 1
a 285 284 1
a 285 286 1
a 285 265 1
a 286 285 1
a 286 287 1
a 286 266 1
a 287 286 1
a 287 288 1
a 287 267 1
a 288 287 1
a 288 289 1
a 288 268 1
a 289 288 1
a 289 290 1
a 289 269 1
a 290 289 1
a 290 291 1
a 290 270 1
a 291 290 1
a 291 292 1
a 291 271 1
a 292 291 1
a 292 293 1
a 292 272 1
a 293 292 1
a 293 294 1
a 293 273 1
a 294 293 1
a 294 295 1
a 294 274 1
a 295 294 1
a 295 296 1
a 295 275 1
a 296 295 1
a 296 297 1
a 296 276 1
a 297 296 1
a 297 298 1
a 297 277 1
a 298 297 1
a 298 299 1
a 298 278 1
a 299 298 1
a 299 300 1
a 299 279 1
a 300 299 1
a 300 280 1
